{
 "cells": [
  {
   "cell_type": "code",
   "execution_count": 23,
   "id": "5c7d0840",
   "metadata": {},
   "outputs": [],
   "source": [
    "import numpy as np\n",
    "from visualization import plot_spatio_temporal_data\n",
    "class SampleDataset:\n",
    "    '''\n",
    "    basic deep hierarchical linear dstm\n",
    "    Y_t is the soil moisture considering no precipitation\n",
    "    Y_t = f(\\theta_1, Y_{t-1}) + \\eta_{1t}, where \\eta_{1t} \\sim Gau(0, R_{1t})\n",
    "\n",
    "    S_t is the soil moisture including the precipitation\n",
    "    Denote X_t be precipitation\n",
    "    S_t = Y_t + f(\\theta_2, X_t, X_{t-1}) + \\eta_{2t}, where \\eta_{2t} \\sim Gau(0,R_{2t})\n",
    "\n",
    "    the observation soil moisture is\n",
    "    Z_t = Y_t + \\epsilon_t, where \\epsilon_t \\sim Gau(0, R_{3t})\n",
    "\n",
    "\n",
    "\n",
    "\n",
    "    '''\n",
    "\n",
    "    def __init__(self, n, T, gamma, l, offset, total, frames_input, frames_output, warm_start_ind=0):\n",
    "        self.Z = self.prepare_data(n, T, gamma, l, offset, total)\n",
    "        self.frames_input = frames_input\n",
    "        self.frames_output = frames_output\n",
    "        self.warm_start_ind = warm_start_ind\n",
    "\n",
    "\n",
    "\n",
    "\n",
    "\n",
    "\n",
    "    def prepare_data(self, n, T, gamma, l, offset, total):\n",
    "\n",
    "        location_list = []\n",
    "        for i in range(n):\n",
    "\n",
    "            for j in range(n):\n",
    "\n",
    "                location_list.append([i, j])\n",
    "        location_list = np.array(location_list)\n",
    "        #location_list = location_list.reshape(n, n, 2)\n",
    "\n",
    "        distance_matrix_list = []\n",
    "        for i in range(n*n):\n",
    "\n",
    "            dist = np.array([np.sqrt(x[0]**2+x[1]**2) for x in location_list[i] - location_list])\n",
    "\n",
    "\n",
    "            distance_matrix_list.append(dist)\n",
    "\n",
    "        distance_matrix_list = np.array(distance_matrix_list)\n",
    "        #distance_matrix_list = distance_matrix_list.reshape((n, n, n, n))\n",
    "\n",
    "\n",
    "        weights_matrix = gamma * np.exp(-(distance_matrix_list + offset)**2 / l)\n",
    "        \n",
    "\n",
    "        w, _ = np.linalg.eig(weights_matrix)\n",
    "        max_w = np.max(w)\n",
    "        if max_w == 1 or max_w > 1:\n",
    "            print(\"max eigen value is %f\" % max_w)\n",
    "            raise(ValueError(\"change initial parameters!\"))\n",
    "        else:\n",
    "            print(\"max eigen value is %f\" % max_w)\n",
    "            print(\"valid initial parameters!\")\n",
    "            print(weights_matrix)\n",
    "\n",
    "\n",
    "        sigma_eta = 0.1 * np.exp(-np.abs(distance_matrix_list) / 0.1)\n",
    "\n",
    "        L1 = np.linalg.cholesky(sigma_eta).transpose()\n",
    "\n",
    "\n",
    "        sigma_epsilon = 0.1 * np.exp(-np.abs(distance_matrix_list) / 0.1)\n",
    "        L2 =  np.linalg.cholesky(sigma_epsilon).transpose()\n",
    "\n",
    "\n",
    "        Z = np.zeros((n*n, T, total))\n",
    "        Y = np.zeros((n*n, T, total))\n",
    "        precipitation = np.random.randn(n*n, T, total) * 0\n",
    "        for i in range(total):\n",
    "            eta = np.dot(L1, np.random.randn(n*n, T))\n",
    "            epsilon = np.dot(L2, np.random.randn(n*n, T))\n",
    "            Y[:, 0, i] = precipitation[:, 0, i] + eta[:, 0] + 4\n",
    "            #Z[:, 0, i] = Y[:, 0, i] + epsilon[:, 0]\n",
    "            Z[:, 0, i] = Y[:, 0, i] \n",
    "\n",
    "            for t in range(1, T):\n",
    "\n",
    "                if t == 1:\n",
    "                    Y[:, t, i] = np.dot(weights_matrix, (Y[:, (t-1), i])[:, None]).ravel() + precipitation[:, t, i] + 0.1 * precipitation[:, t, i] + eta[:, t]\n",
    "                else:\n",
    "                    Y[:, t, i] = np.dot(weights_matrix, (Y[:, (t - 1), i])[:, None]).ravel() + np.dot(weights_matrix, (Y[:, (t - 2), i])[:, None]).ravel() * 0.5 + precipitation[:, t,\n",
    "                                                                                               i] + 0.1 * precipitation[\n",
    "                                                                                                          :, t,\n",
    "                                                                                                          i] + eta[:, t]\n",
    "                #Z[:, t, i] = Y[:, t, i] + epsilon[:, t]\n",
    "                Z[:, t, i] = Y[:, t, i]\n",
    "\n",
    "        Z = Z.reshape((n, n, T, total))\n",
    "        Z = Z[..., None]\n",
    "        Z = Z.transpose(3, 2, 4, 0, 1)\n",
    "\n",
    "\n",
    "        return Z.astype(np.float32)\n",
    "\n",
    "    def __len__(self):\n",
    "        return self.Z.shape[0]\n",
    "\n",
    "    def __getitem__(self, idx):\n",
    "\n",
    "        Z = self.Z[idx, ...]\n",
    "        input = Z[self.warm_start_ind:(self.warm_start_ind+self.frames_input), ...]\n",
    "        output = Z[(self.warm_start_ind+self.frames_input): (self.warm_start_ind+self.frames_input+self.frames_output), ...]\n",
    "        frozen = input[-1]\n",
    "        return [idx, output, input, frozen, np.zeros(1)]\n",
    "\n",
    "\n"
   ]
  },
  {
   "cell_type": "code",
   "execution_count": 34,
   "id": "346edafb",
   "metadata": {},
   "outputs": [
    {
     "name": "stdout",
     "output_type": "stream",
     "text": [
      "max eigen value is 0.552749\n",
      "valid initial parameters!\n",
      "[[6.17049020e-06 9.15781944e-04 1.83939721e-02 5.00000000e-02\n",
      "  1.83939721e-02 9.15781944e-04 4.04428341e-03 2.78945372e-02\n",
      "  4.87004839e-02 1.41633375e-02 1.83939721e-02 2.78945372e-02\n",
      "  4.85495902e-02 3.46511411e-02 5.72497816e-03 5.00000000e-02\n",
      "  4.87004839e-02 3.46511411e-02 1.06746004e-02 9.15781944e-04\n",
      "  1.83939721e-02 1.41633375e-02 5.72497816e-03 9.15781944e-04\n",
      "  4.29872595e-05]\n",
      " [9.15781944e-04 6.17049020e-06 9.15781944e-04 1.83939721e-02\n",
      "  5.00000000e-02 4.04428341e-03 9.15781944e-04 4.04428341e-03\n",
      "  2.78945372e-02 4.87004839e-02 2.78945372e-02 1.83939721e-02\n",
      "  2.78945372e-02 4.85495902e-02 3.46511411e-02 4.87004839e-02\n",
      "  5.00000000e-02 4.87004839e-02 3.46511411e-02 1.06746004e-02\n",
      "  1.41633375e-02 1.83939721e-02 1.41633375e-02 5.72497816e-03\n",
      "  9.15781944e-04]\n",
      " [1.83939721e-02 9.15781944e-04 6.17049020e-06 9.15781944e-04\n",
      "  1.83939721e-02 2.78945372e-02 4.04428341e-03 9.15781944e-04\n",
      "  4.04428341e-03 2.78945372e-02 4.85495902e-02 2.78945372e-02\n",
      "  1.83939721e-02 2.78945372e-02 4.85495902e-02 3.46511411e-02\n",
      "  4.87004839e-02 5.00000000e-02 4.87004839e-02 3.46511411e-02\n",
      "  5.72497816e-03 1.41633375e-02 1.83939721e-02 1.41633375e-02\n",
      "  5.72497816e-03]\n",
      " [5.00000000e-02 1.83939721e-02 9.15781944e-04 6.17049020e-06\n",
      "  9.15781944e-04 4.87004839e-02 2.78945372e-02 4.04428341e-03\n",
      "  9.15781944e-04 4.04428341e-03 3.46511411e-02 4.85495902e-02\n",
      "  2.78945372e-02 1.83939721e-02 2.78945372e-02 1.06746004e-02\n",
      "  3.46511411e-02 4.87004839e-02 5.00000000e-02 4.87004839e-02\n",
      "  9.15781944e-04 5.72497816e-03 1.41633375e-02 1.83939721e-02\n",
      "  1.41633375e-02]\n",
      " [1.83939721e-02 5.00000000e-02 1.83939721e-02 9.15781944e-04\n",
      "  6.17049020e-06 1.41633375e-02 4.87004839e-02 2.78945372e-02\n",
      "  4.04428341e-03 9.15781944e-04 5.72497816e-03 3.46511411e-02\n",
      "  4.85495902e-02 2.78945372e-02 1.83939721e-02 9.15781944e-04\n",
      "  1.06746004e-02 3.46511411e-02 4.87004839e-02 5.00000000e-02\n",
      "  4.29872595e-05 9.15781944e-04 5.72497816e-03 1.41633375e-02\n",
      "  1.83939721e-02]\n",
      " [9.15781944e-04 4.04428341e-03 2.78945372e-02 4.87004839e-02\n",
      "  1.41633375e-02 6.17049020e-06 9.15781944e-04 1.83939721e-02\n",
      "  5.00000000e-02 1.83939721e-02 9.15781944e-04 4.04428341e-03\n",
      "  2.78945372e-02 4.87004839e-02 1.41633375e-02 1.83939721e-02\n",
      "  2.78945372e-02 4.85495902e-02 3.46511411e-02 5.72497816e-03\n",
      "  5.00000000e-02 4.87004839e-02 3.46511411e-02 1.06746004e-02\n",
      "  9.15781944e-04]\n",
      " [4.04428341e-03 9.15781944e-04 4.04428341e-03 2.78945372e-02\n",
      "  4.87004839e-02 9.15781944e-04 6.17049020e-06 9.15781944e-04\n",
      "  1.83939721e-02 5.00000000e-02 4.04428341e-03 9.15781944e-04\n",
      "  4.04428341e-03 2.78945372e-02 4.87004839e-02 2.78945372e-02\n",
      "  1.83939721e-02 2.78945372e-02 4.85495902e-02 3.46511411e-02\n",
      "  4.87004839e-02 5.00000000e-02 4.87004839e-02 3.46511411e-02\n",
      "  1.06746004e-02]\n",
      " [2.78945372e-02 4.04428341e-03 9.15781944e-04 4.04428341e-03\n",
      "  2.78945372e-02 1.83939721e-02 9.15781944e-04 6.17049020e-06\n",
      "  9.15781944e-04 1.83939721e-02 2.78945372e-02 4.04428341e-03\n",
      "  9.15781944e-04 4.04428341e-03 2.78945372e-02 4.85495902e-02\n",
      "  2.78945372e-02 1.83939721e-02 2.78945372e-02 4.85495902e-02\n",
      "  3.46511411e-02 4.87004839e-02 5.00000000e-02 4.87004839e-02\n",
      "  3.46511411e-02]\n",
      " [4.87004839e-02 2.78945372e-02 4.04428341e-03 9.15781944e-04\n",
      "  4.04428341e-03 5.00000000e-02 1.83939721e-02 9.15781944e-04\n",
      "  6.17049020e-06 9.15781944e-04 4.87004839e-02 2.78945372e-02\n",
      "  4.04428341e-03 9.15781944e-04 4.04428341e-03 3.46511411e-02\n",
      "  4.85495902e-02 2.78945372e-02 1.83939721e-02 2.78945372e-02\n",
      "  1.06746004e-02 3.46511411e-02 4.87004839e-02 5.00000000e-02\n",
      "  4.87004839e-02]\n",
      " [1.41633375e-02 4.87004839e-02 2.78945372e-02 4.04428341e-03\n",
      "  9.15781944e-04 1.83939721e-02 5.00000000e-02 1.83939721e-02\n",
      "  9.15781944e-04 6.17049020e-06 1.41633375e-02 4.87004839e-02\n",
      "  2.78945372e-02 4.04428341e-03 9.15781944e-04 5.72497816e-03\n",
      "  3.46511411e-02 4.85495902e-02 2.78945372e-02 1.83939721e-02\n",
      "  9.15781944e-04 1.06746004e-02 3.46511411e-02 4.87004839e-02\n",
      "  5.00000000e-02]\n",
      " [1.83939721e-02 2.78945372e-02 4.85495902e-02 3.46511411e-02\n",
      "  5.72497816e-03 9.15781944e-04 4.04428341e-03 2.78945372e-02\n",
      "  4.87004839e-02 1.41633375e-02 6.17049020e-06 9.15781944e-04\n",
      "  1.83939721e-02 5.00000000e-02 1.83939721e-02 9.15781944e-04\n",
      "  4.04428341e-03 2.78945372e-02 4.87004839e-02 1.41633375e-02\n",
      "  1.83939721e-02 2.78945372e-02 4.85495902e-02 3.46511411e-02\n",
      "  5.72497816e-03]\n",
      " [2.78945372e-02 1.83939721e-02 2.78945372e-02 4.85495902e-02\n",
      "  3.46511411e-02 4.04428341e-03 9.15781944e-04 4.04428341e-03\n",
      "  2.78945372e-02 4.87004839e-02 9.15781944e-04 6.17049020e-06\n",
      "  9.15781944e-04 1.83939721e-02 5.00000000e-02 4.04428341e-03\n",
      "  9.15781944e-04 4.04428341e-03 2.78945372e-02 4.87004839e-02\n",
      "  2.78945372e-02 1.83939721e-02 2.78945372e-02 4.85495902e-02\n",
      "  3.46511411e-02]\n",
      " [4.85495902e-02 2.78945372e-02 1.83939721e-02 2.78945372e-02\n",
      "  4.85495902e-02 2.78945372e-02 4.04428341e-03 9.15781944e-04\n",
      "  4.04428341e-03 2.78945372e-02 1.83939721e-02 9.15781944e-04\n",
      "  6.17049020e-06 9.15781944e-04 1.83939721e-02 2.78945372e-02\n",
      "  4.04428341e-03 9.15781944e-04 4.04428341e-03 2.78945372e-02\n",
      "  4.85495902e-02 2.78945372e-02 1.83939721e-02 2.78945372e-02\n",
      "  4.85495902e-02]\n",
      " [3.46511411e-02 4.85495902e-02 2.78945372e-02 1.83939721e-02\n",
      "  2.78945372e-02 4.87004839e-02 2.78945372e-02 4.04428341e-03\n",
      "  9.15781944e-04 4.04428341e-03 5.00000000e-02 1.83939721e-02\n",
      "  9.15781944e-04 6.17049020e-06 9.15781944e-04 4.87004839e-02\n",
      "  2.78945372e-02 4.04428341e-03 9.15781944e-04 4.04428341e-03\n",
      "  3.46511411e-02 4.85495902e-02 2.78945372e-02 1.83939721e-02\n",
      "  2.78945372e-02]\n",
      " [5.72497816e-03 3.46511411e-02 4.85495902e-02 2.78945372e-02\n",
      "  1.83939721e-02 1.41633375e-02 4.87004839e-02 2.78945372e-02\n",
      "  4.04428341e-03 9.15781944e-04 1.83939721e-02 5.00000000e-02\n",
      "  1.83939721e-02 9.15781944e-04 6.17049020e-06 1.41633375e-02\n",
      "  4.87004839e-02 2.78945372e-02 4.04428341e-03 9.15781944e-04\n",
      "  5.72497816e-03 3.46511411e-02 4.85495902e-02 2.78945372e-02\n",
      "  1.83939721e-02]\n",
      " [5.00000000e-02 4.87004839e-02 3.46511411e-02 1.06746004e-02\n",
      "  9.15781944e-04 1.83939721e-02 2.78945372e-02 4.85495902e-02\n",
      "  3.46511411e-02 5.72497816e-03 9.15781944e-04 4.04428341e-03\n",
      "  2.78945372e-02 4.87004839e-02 1.41633375e-02 6.17049020e-06\n",
      "  9.15781944e-04 1.83939721e-02 5.00000000e-02 1.83939721e-02\n",
      "  9.15781944e-04 4.04428341e-03 2.78945372e-02 4.87004839e-02\n",
      "  1.41633375e-02]\n",
      " [4.87004839e-02 5.00000000e-02 4.87004839e-02 3.46511411e-02\n",
      "  1.06746004e-02 2.78945372e-02 1.83939721e-02 2.78945372e-02\n",
      "  4.85495902e-02 3.46511411e-02 4.04428341e-03 9.15781944e-04\n",
      "  4.04428341e-03 2.78945372e-02 4.87004839e-02 9.15781944e-04\n",
      "  6.17049020e-06 9.15781944e-04 1.83939721e-02 5.00000000e-02\n",
      "  4.04428341e-03 9.15781944e-04 4.04428341e-03 2.78945372e-02\n",
      "  4.87004839e-02]\n",
      " [3.46511411e-02 4.87004839e-02 5.00000000e-02 4.87004839e-02\n",
      "  3.46511411e-02 4.85495902e-02 2.78945372e-02 1.83939721e-02\n",
      "  2.78945372e-02 4.85495902e-02 2.78945372e-02 4.04428341e-03\n",
      "  9.15781944e-04 4.04428341e-03 2.78945372e-02 1.83939721e-02\n",
      "  9.15781944e-04 6.17049020e-06 9.15781944e-04 1.83939721e-02\n",
      "  2.78945372e-02 4.04428341e-03 9.15781944e-04 4.04428341e-03\n",
      "  2.78945372e-02]\n",
      " [1.06746004e-02 3.46511411e-02 4.87004839e-02 5.00000000e-02\n",
      "  4.87004839e-02 3.46511411e-02 4.85495902e-02 2.78945372e-02\n",
      "  1.83939721e-02 2.78945372e-02 4.87004839e-02 2.78945372e-02\n",
      "  4.04428341e-03 9.15781944e-04 4.04428341e-03 5.00000000e-02\n",
      "  1.83939721e-02 9.15781944e-04 6.17049020e-06 9.15781944e-04\n",
      "  4.87004839e-02 2.78945372e-02 4.04428341e-03 9.15781944e-04\n",
      "  4.04428341e-03]\n",
      " [9.15781944e-04 1.06746004e-02 3.46511411e-02 4.87004839e-02\n",
      "  5.00000000e-02 5.72497816e-03 3.46511411e-02 4.85495902e-02\n",
      "  2.78945372e-02 1.83939721e-02 1.41633375e-02 4.87004839e-02\n",
      "  2.78945372e-02 4.04428341e-03 9.15781944e-04 1.83939721e-02\n",
      "  5.00000000e-02 1.83939721e-02 9.15781944e-04 6.17049020e-06\n",
      "  1.41633375e-02 4.87004839e-02 2.78945372e-02 4.04428341e-03\n",
      "  9.15781944e-04]\n",
      " [1.83939721e-02 1.41633375e-02 5.72497816e-03 9.15781944e-04\n",
      "  4.29872595e-05 5.00000000e-02 4.87004839e-02 3.46511411e-02\n",
      "  1.06746004e-02 9.15781944e-04 1.83939721e-02 2.78945372e-02\n",
      "  4.85495902e-02 3.46511411e-02 5.72497816e-03 9.15781944e-04\n",
      "  4.04428341e-03 2.78945372e-02 4.87004839e-02 1.41633375e-02\n",
      "  6.17049020e-06 9.15781944e-04 1.83939721e-02 5.00000000e-02\n",
      "  1.83939721e-02]\n",
      " [1.41633375e-02 1.83939721e-02 1.41633375e-02 5.72497816e-03\n",
      "  9.15781944e-04 4.87004839e-02 5.00000000e-02 4.87004839e-02\n",
      "  3.46511411e-02 1.06746004e-02 2.78945372e-02 1.83939721e-02\n",
      "  2.78945372e-02 4.85495902e-02 3.46511411e-02 4.04428341e-03\n",
      "  9.15781944e-04 4.04428341e-03 2.78945372e-02 4.87004839e-02\n",
      "  9.15781944e-04 6.17049020e-06 9.15781944e-04 1.83939721e-02\n",
      "  5.00000000e-02]\n",
      " [5.72497816e-03 1.41633375e-02 1.83939721e-02 1.41633375e-02\n",
      "  5.72497816e-03 3.46511411e-02 4.87004839e-02 5.00000000e-02\n",
      "  4.87004839e-02 3.46511411e-02 4.85495902e-02 2.78945372e-02\n",
      "  1.83939721e-02 2.78945372e-02 4.85495902e-02 2.78945372e-02\n",
      "  4.04428341e-03 9.15781944e-04 4.04428341e-03 2.78945372e-02\n",
      "  1.83939721e-02 9.15781944e-04 6.17049020e-06 9.15781944e-04\n",
      "  1.83939721e-02]\n",
      " [9.15781944e-04 5.72497816e-03 1.41633375e-02 1.83939721e-02\n",
      "  1.41633375e-02 1.06746004e-02 3.46511411e-02 4.87004839e-02\n",
      "  5.00000000e-02 4.87004839e-02 3.46511411e-02 4.85495902e-02\n",
      "  2.78945372e-02 1.83939721e-02 2.78945372e-02 4.87004839e-02\n",
      "  2.78945372e-02 4.04428341e-03 9.15781944e-04 4.04428341e-03\n",
      "  5.00000000e-02 1.83939721e-02 9.15781944e-04 6.17049020e-06\n",
      "  9.15781944e-04]\n",
      " [4.29872595e-05 9.15781944e-04 5.72497816e-03 1.41633375e-02\n",
      "  1.83939721e-02 9.15781944e-04 1.06746004e-02 3.46511411e-02\n",
      "  4.87004839e-02 5.00000000e-02 5.72497816e-03 3.46511411e-02\n",
      "  4.85495902e-02 2.78945372e-02 1.83939721e-02 1.41633375e-02\n",
      "  4.87004839e-02 2.78945372e-02 4.04428341e-03 9.15781944e-04\n",
      "  1.83939721e-02 5.00000000e-02 1.83939721e-02 9.15781944e-04\n",
      "  6.17049020e-06]]\n",
      "[[[[ 4.3042994   3.7060604   3.8900344   3.76472     4.3545036 ]\n",
      "   [ 3.4190173   4.0432444   4.1973643   3.6360195   4.0889273 ]\n",
      "   [ 4.624208    3.6730504   4.305382    4.2261953   4.3825636 ]\n",
      "   [ 3.9410756   3.6243265   4.1068635   4.27371     3.6402173 ]\n",
      "   [ 4.4504123   4.253113    3.8794417   4.4633756   4.128841  ]]]\n",
      "\n",
      "\n",
      " [[[ 1.759564    1.8171474   2.3692117   2.3408232   1.5432539 ]\n",
      "   [ 2.1383283   2.3364637   1.8952552   2.409239    2.4631374 ]\n",
      "   [ 2.0442533   2.3769834   1.8314362   1.7623174   2.0843375 ]\n",
      "   [ 2.0250294   2.4740784   2.253839    2.5096304   2.6608517 ]\n",
      "   [ 1.4303629   2.5664234   2.3274686   2.117317    1.8635182 ]]]\n",
      "\n",
      "\n",
      " [[[ 2.54857     2.0095575   2.4180636   2.7107463   2.051257  ]\n",
      "   [ 2.3947399   2.38673     2.179366    1.9956028   2.346733  ]\n",
      "   [ 2.4865873   1.809093    1.9582455   2.8691342   2.5749276 ]\n",
      "   [ 2.2312453   2.3390138   2.0580442   2.3073223   1.9578006 ]\n",
      "   [ 1.5703351   2.1987712   2.1351244   2.0207834   2.7432837 ]]]\n",
      "\n",
      "\n",
      " [[[ 1.215115    1.8984336   1.9084722   1.666574    1.1246914 ]\n",
      "   [ 1.7611327   2.056658    1.9273593   2.2165742   1.6944879 ]\n",
      "   [ 1.5574553   1.9321474   1.6918062   1.9026116   2.035655  ]\n",
      "   [ 1.2785708   1.6625327   1.9798274   1.9499094   1.5169998 ]\n",
      "   [ 1.4253943   2.194365    2.5060503   2.2942164   1.7870884 ]]]\n",
      "\n",
      "\n",
      " [[[ 0.99388415  1.8631248   1.3162044   1.929654    1.6760188 ]\n",
      "   [ 0.9245461   2.159454    1.5207343   1.1868402   1.4121909 ]\n",
      "   [ 2.0023878   1.3236451   1.5912926   1.571872    1.0572829 ]\n",
      "   [ 2.4408333   1.4383008   1.1502438   1.6427214   1.461431  ]\n",
      "   [ 1.0452634   1.4665084   1.2909877   1.6109054   1.2763227 ]]]\n",
      "\n",
      "\n",
      " [[[ 1.8149292   1.6541475   1.1375241   1.2048528   1.8330339 ]\n",
      "   [ 0.5097481   1.5817846   0.9721332   1.2973249   1.1424855 ]\n",
      "   [ 1.2024509   1.5223379   0.97341484  1.2670492   1.204599  ]\n",
      "   [ 1.3515718   1.1755837   1.1669077   1.165873    1.7485563 ]\n",
      "   [ 1.2389678   1.3574567   1.5128052   1.533327    1.1515983 ]]]\n",
      "\n",
      "\n",
      " [[[ 0.7701015   0.9911649   1.2397181   1.3672209   0.38562182]\n",
      "   [ 1.2341856   1.1246504   1.3434266   1.0162034   1.3135213 ]\n",
      "   [ 1.1925162   0.9862547   1.7254282   1.2990572   2.039537  ]\n",
      "   [ 1.1395754   0.6136189   1.4174776   1.4537022   0.8232614 ]\n",
      "   [ 1.998918    1.3317307   0.70209104  1.4875561   1.0740944 ]]]\n",
      "\n",
      "\n",
      " [[[ 1.2351593   0.48852706  0.8462548   0.5589368   0.52138174]\n",
      "   [ 0.9192581   1.2910458   1.0556643   1.1953574   1.1161156 ]\n",
      "   [ 1.1027552   1.1944338   1.3629375   1.0641239   0.9801648 ]\n",
      "   [ 1.099721    1.0411282   0.6580315   1.1559957   1.1067654 ]\n",
      "   [ 0.7447398   1.0880909   0.7408999   1.2476304   0.5638373 ]]]\n",
      "\n",
      "\n",
      " [[[ 0.70666665  0.41033423  0.80970454  1.2786317   0.98956627]\n",
      "   [ 0.878461    0.7105821   0.6480338   1.0233777   1.0170331 ]\n",
      "   [ 1.1640527   0.93597656  0.33904842  1.2248238   0.9805719 ]\n",
      "   [ 1.2126199   0.91658324  1.0915315   0.88102365  0.9629791 ]\n",
      "   [ 0.87779635  1.3054898   0.7225086   1.0467743  -0.07154902]]]\n",
      "\n",
      "\n",
      " [[[ 0.9703751   0.69225776  0.7722893   0.61518055  0.39837655]\n",
      "   [ 1.1037785   0.30435035  0.86714643  0.12458005  0.7182677 ]\n",
      "   [ 0.36635166  1.2759546   0.563688    1.0940778   0.65573055]\n",
      "   [ 0.70024216  1.2740313   0.45997375  0.6598778   1.0584416 ]\n",
      "   [ 0.47543567  0.7350603   1.2315793   1.080315    0.13195018]]]\n",
      "\n",
      "\n",
      " [[[ 1.2930084   0.18218863  0.4763801   0.7198121   0.6347147 ]\n",
      "   [ 1.4152242   1.1222675   0.48888218  0.83910465  0.08640997]\n",
      "   [ 1.1722931   1.0691849   0.4220502   0.94414747  0.6177225 ]\n",
      "   [ 0.84787065  0.6775556   0.1184961   0.47003424  0.7077873 ]\n",
      "   [ 0.8944468   0.77456945  0.36877948  0.6339333   0.72890925]]]\n",
      "\n",
      "\n",
      " [[[ 0.3972666   0.19018179  0.48782194  0.648298    0.32952237]\n",
      "   [ 1.0543026   0.52227306  0.8835298   0.92860895  0.6875104 ]\n",
      "   [ 0.33493453  0.7367403   0.44102597  1.0767868   0.4110616 ]\n",
      "   [ 0.96556515  0.42483923  0.20201463  0.87456673  0.56505823]\n",
      "   [ 0.5777895   1.3431739   0.92081594  0.6756622   0.48215365]]]\n",
      "\n",
      "\n",
      " [[[ 0.98310816  0.26377448  0.439212    0.21594161  0.37365493]\n",
      "   [ 0.8415134   1.4478678   0.79420173  0.9910096   0.606473  ]\n",
      "   [ 0.22507823  0.17092781  0.7034397   0.85763675  0.68182623]\n",
      "   [ 0.25487223  0.50677633  0.8500167   0.7325054   0.44423288]\n",
      "   [ 0.48981762  0.84849644  0.49277726  0.71279496  0.25186455]]]\n",
      "\n",
      "\n",
      " [[[ 1.0477316   0.1340333   0.6791957   0.2398133   0.37576494]\n",
      "   [ 0.10907638  0.8831306   0.88687086  0.7535722   0.18132119]\n",
      "   [ 0.8710683   0.503808    0.43159178  0.40897042  0.92414314]\n",
      "   [ 0.5299211   0.750603    0.04406686  0.36744055  0.08335457]\n",
      "   [ 1.4163232   0.65522355  0.583388    0.36763725  0.03269385]]]\n",
      "\n",
      "\n",
      " [[[ 0.8744126   0.63693005  0.65099794  0.54452026  0.44931975]\n",
      "   [ 0.83906645  0.5846047   1.2187871   0.8308045   0.2636034 ]\n",
      "   [ 0.7967417   0.517288    0.574894    1.0151683   0.09651884]\n",
      "   [ 1.0169108   0.90010685  1.0493739   0.353831    0.21865943]\n",
      "   [ 0.2061618  -0.16248505  0.6749444  -0.12172062  0.5694241 ]]]]\n"
     ]
    },
    {
     "data": {
